181 1111111
206 11111101
30 11111100
149 111110
52 111101
183 1111001
161 1111000
148 111011
76 111010
187 1110011
184 1110010
175 1110001
33 1110000
201 1101111
160 1101110
96 110110
51 110101
37 110100
94 110011
185 1100101
186 1100100
95 110001
93 110000
147 101111
92 101110
77 101101
97 101100
98 101011
91 101010
90 101001
99 101000
199 1001111
188 1001110
50 100110
89 100101
146 100100
200 1000111
23 1000110111111
24 1000110111110
222 100011011110
218 10001101110
220 10001101101
25 10001101100
209 100011010
205 10001100
145 100010
38 100001
88 100000
159 0111111
189 0111110
100 011110
158 0111011
198 0111010
49 011100
78 011011
101 011010
113 011001
87 011000
86 010111
29 010110111
214 0101101101
27 0101101100
31 01011010
190 0101100
144 010101
116 010100
117 010011
39 010010
114 010001
115 010000
85 001111
79 001110
197 0011011
191 0011010
48 001100
102 001011
126 001010
118 001001
121 001000
47 000111
34 0001101
192 0001100
119 000101
80 000100
122 000011
84 000010
83 000001
194 0000001
193 0000000
124 111111
127 111110
123 111101
125 111100
128 111011
103 111010
60 1110011
157 1110010
208 111000111
223 1110001101111
228 111000110111011
255 111000110111010111
15 1110001101110101101
16 11100011011101011001
7 111000110111010110001
17 1110001101110101100001
18 11100011011101011000001
8 111000110111010110000001
3 1110001101110101100000001
19 11100011011101011000000001
20 111000110111010110000000001
9 1110001101110101100000000001
21 11100011011101011000000000001
10 111000110111010110000000000001
4 1110001101110101100000000000001
1 11100011011101011000000000000001
234 111000110111010110000000000000001111
232 1110001101110101100000000000000011101
235 1110001101110101100000000000000011100
237 1110001101110101100000000000000011011
236 1110001101110101100000000000000011010
229 111000110111010110000000000000001100
12 1110001101110101100000000000000010
248 11100011011101011000000000000000011111111
253 111000110111010110000000000000000111111101
254 111000110111010110000000000000000111111100
240 1110001101110101100000000000000001111110
249 11100011011101011000000000000000011111011
250 11100011011101011000000000000000011111010
243 1110001101110101100000000000000001111100
241 111000110111010110000000000000000111101
245 1110001101110101100000000000000001111001
246 1110001101110101100000000000000001111000
13 11100011011101011000000000000000011101
242 111000110111010110000000000000000111001
0 1110001101110101100000000000000001110001111
2 1110001101110101100000000000000001110001110
252 111000110111010110000000000000000111000110
6 1110001101110101100000000000000001110001011
14 1110001101110101100000000000000001110001010
247 1110001101110101100000000000000001110001001
251 1110001101110101100000000000000001110001000
244 1110001101110101100000000000000001110000
230 111000110111010110000000000000000110
5 11100011011101011000000000000000010
11 1110001101110101100000000000000000
238 11100011011101010
231 1110001101110100
226 11100011011100
227 111000110110111
233 11100011011011011
239 11100011011011010
22 1110001101101100
225 11100011011010
224 1110001101100
217 11100011010
211 1110001100
204 11100010
196 1110000
82 110111
112 110110
40 110101
120 110100
143 110011
195 1100101
156 1100100
111 110001
46 110000
61 1011111
57 1011110
81 101110
129 101101
35 1011001
155 1011000
65 1010111
59 1010110
63 1010101
62 1010100
110 101001
41 101000
64 1001111
152 1001110
104 100110
42 100101
44 100100
68 1000111
58 1000110
105 100010
66 1000011
69 1000010
45 100000
107 011111
168 01111011
32 01111010
67 0111100
142 011101
130 011100
43 011011
70 0110101
71 0110100
141 011001
165 01100011
203 01100010
167 01100001
164 01100000
109 010111
106 010110
131 010101
154 0101001
213 0101000111
212 0101000110
207 010100010
166 01010000
108 010011
140 010010
72 0100011
56 0100010
153 0100001
169 01000001
170 01000000
132 001111
134 001110
139 001101
137 001100
55 0010111
151 0010110
133 001010
54 0010011
180 00100101
171 00100100
136 001000
138 000111
135 000110
73 0001011
74 0001010
36 0001001
174 00010001
163 00010000
202 00001111
178 00001110
176 00001101
162 00001100
179 00001011
210 0000101011
221 000010101011
219 000010101010
26 00001010100
28 0000101001
216 00001010001
215 00001010000
150 0000100
53 0000011
182 00000101
172 00000100
75 0000001
173 00000001
177 00000000
